Created,Baro,Temp,RDO,RDOSat,pH,ORP,ActCond,SpCond,Salinity,Resist,Density,TDS,Depth,Pressure,Temp
6/22/15 9:33,1002.6,19.44,9.14,100.5,7.42,137.9,45.7,51.1,0,21894,0.998,0,0.21,0.3,19.6
6/22/15 9:33,1002.6,19.46,9.14,100.5,7.42,129.2,45.7,51.1,0,21894,0.998,0,0.21,0.3,19.6
6/22/15 9:33,1002.6,19.5,9.13,100.6,7.41,122.5,45.7,51.1,0,21867,0.998,0,0.21,0.301,19.6
6/22/15 9:33,1002.6,19.53,9.12,100.4,7.4,115.7,45.7,51.1,0,21880,0.998,0,0.22,0.32,19.6
6/22/15 9:33,1002.6,19.59,9.11,100.4,7.38,110.5,45.7,51,0,21881,0.998,0,0.36,0.508,19.6
6/22/15 9:33,1002.6,19.59,9.09,100.3,7.37,106.4,45.7,50.9,0,21891,0.998,0,0.5,0.707,19.7
6/22/15 9:33,1002.6,19.6,9.1,100.3,7.36,102,45.7,50.9,0,21896,0.998,0,0.55,0.784,19.7
6/22/15 9:34,1002.6,19.61,9.08,100.2,7.37,98.8,45.7,51,0,21883,0.998,0,0.59,0.843,19.7
6/22/15 9:34,1002.6,19.61,9.07,100.1,7.35,94.6,45.7,50.9,0,21898,0.998,0,0.85,1.206,19.7
6/22/15 9:34,1002.6,19.62,9.08,100.2,7.38,90.8,45.6,50.9,0,21910,0.998,0,0.89,1.265,19.7
6/22/15 9:34,1002.7,19.62,9.07,100,7.38,88.9,45.6,50.9,0,21914,0.998,0,0.93,1.32,19.7
6/22/15 9:34,1002.6,19.62,9.07,100.1,7.38,86.8,45.6,50.9,0,21912,0.998,0,0.99,1.401,19.8
6/22/15 9:34,1002.6,19.63,9.06,100,7.34,85.2,45.6,50.8,0,21925,0.998,0,1.05,1.5,19.7
6/22/15 9:35,1002.6,19.62,9.06,100,7.36,83.4,45.6,50.8,0,21924,0.998,0,1.09,1.545,19.8
6/22/15 9:35,1002.6,19.64,9.07,100.1,7.35,82.1,45.6,50.8,0,21918,0.998,0,1.21,1.716,19.8
6/22/15 9:35,1002.6,19.61,9.05,99.8,7.34,80.8,45.5,50.8,0,21956,0.998,0,1.28,1.814,19.8
6/22/15 9:35,1002.7,19.59,9.05,99.8,7.35,79.3,45.6,50.8,0,21949,0.998,0,1.38,1.962,19.8
6/22/15 9:35,1002.7,19.59,9.05,99.9,7.35,78.1,45.6,50.8,0,21946,0.998,0,1.42,2.018,19.8
6/22/15 9:35,1002.6,19.59,9.05,99.9,7.35,77.2,45.6,50.8,0,21941,0.998,0,1.43,2.04,19.8
6/22/15 9:36,1002.6,19.59,9.05,99.8,7.34,76,45.6,50.8,0,21950,0.998,0,1.53,2.181,19.8
6/22/15 9:36,1002.7,19.59,9.05,99.8,7.35,75.3,45.6,50.9,0,21915,0.998,0,1.63,2.314,19.8
6/22/15 9:36,1002.7,19.59,9.04,99.7,7.34,74.7,45.6,50.8,0,21934,0.998,0,1.7,2.419,19.8
6/22/15 9:36,1002.7,19.59,9.05,99.8,7.32,74.8,45.5,50.8,0,21960,0.998,0,1.74,2.472,19.8
6/22/15 9:36,1002.7,19.59,9.04,99.7,7.34,73.5,45.5,50.8,0,21955,0.998,0,1.86,2.652,19.9
6/22/15 9:36,1002.7,19.59,9.04,99.7,7.33,73.2,45.5,50.8,0,21956,0.998,0,1.98,2.818,19.9
6/22/15 9:37,1002.6,19.59,9.04,99.7,7.34,72.8,45.5,50.8,0,21957,0.998,0,2.08,2.959,19.9
6/22/15 9:37,1002.7,19.58,9.03,99.6,7.34,72.3,45.5,50.8,0,21963,0.998,0,2.17,3.083,19.9
6/22/15 9:37,1002.7,19.57,9.02,99.5,7.34,71.7,45.5,50.8,0,21967,0.998,0,2.2,3.134,19.9
6/22/15 9:37,1002.7,19.56,9.02,99.5,7.33,72.2,45.5,50.8,0,21981,0.998,0,2.26,3.209,19.9
6/22/15 9:37,1002.8,19.55,9.03,99.5,7.34,71.6,45.5,50.8,0,21964,0.998,0,2.34,3.325,19.9
6/22/15 9:37,1002.7,19.55,9.03,99.5,7.32,72.2,45.5,50.8,0,21968,0.998,0,2.41,3.435,19.9
6/22/15 9:38,1002.7,19.55,9.01,99.3,7.31,72,45.5,50.8,0,21954,0.998,0,2.62,3.733,19.9
6/22/15 9:38,1002.7,19.53,9,99.2,7.29,72.1,45.5,50.8,0,21981,0.998,0,2.96,4.214,19.9
6/22/15 9:38,1002.7,19.51,8.99,99,7.3,71.4,45.5,50.8,0,21999,0.998,0,3.32,4.724,19.9
6/22/15 9:38,1002.7,19.51,8.99,99,7.3,71.8,45.5,50.8,0,21996,0.998,0,3.5,4.983,20
6/22/15 9:38,1002.7,19.5,8.98,98.9,7.32,70.3,45.5,50.8,0,21980,0.998,0,3.65,5.195,20
6/22/15 9:38,1002.7,19.5,9,99.1,7.31,70.4,45.5,50.8,0,21979,0.998,0,3.75,5.329,20
6/22/15 9:39,1002.8,19.5,8.98,98.9,7.3,70.7,45.4,50.8,0,22012,0.998,0,3.85,5.474,20
6/22/15 9:39,1002.7,19.5,8.98,98.8,7.31,69.7,45.4,50.8,0,22007,0.998,0,3.91,5.568,20
6/22/15 9:39,1002.7,19.5,8.98,98.8,7.3,70.5,45.4,50.8,0,22005,0.998,0,4.03,5.739,20
6/22/15 9:39,1002.7,19.48,8.97,98.8,7.31,69.5,45.4,50.8,0,22005,0.998,0,4.18,5.942,20
6/22/15 9:39,1002.7,19.46,8.96,98.6,7.31,70.3,45.4,50.8,0,22012,0.998,0,4.26,6.062,20
6/22/15 9:39,1002.7,19.46,8.97,98.7,7.29,69.9,45.5,50.8,0,21999,0.998,0,4.38,6.229,20
6/22/15 9:40,1002.7,19.46,8.97,98.7,7.3,69.3,45.4,50.8,0,22032,0.998,0,4.5,6.397,20
6/22/15 9:40,1002.7,19.46,8.97,98.7,7.3,69.7,45.4,50.8,0,22004,0.998,0,4.61,6.56,20
6/22/15 9:40,1002.8,19.46,8.98,98.7,7.31,68.4,45.4,50.8,0,22014,0.998,0,4.71,6.701,20.1
6/22/15 9:40,1002.7,19.46,8.97,98.7,7.29,69.1,45.4,50.8,0,22019,0.998,0,4.94,7.03,20
6/22/15 9:40,1002.7,19.44,8.97,98.7,7.29,68.9,45.4,50.8,0,22024,0.998,0,5.16,7.343,20
6/22/15 9:40,1002.7,19.43,8.97,98.7,7.28,69.2,45.4,50.8,0,22015,0.998,0,5.22,7.422,20
6/22/15 9:41,1002.7,19.43,8.97,98.6,7.29,69.1,45.4,50.8,0,22037,0.998,0,5.46,7.767,20
6/22/15 9:41,1002.8,19.42,8.98,98.6,7.28,69.2,45.4,50.8,0,22034,0.998,0,5.46,7.764,20.1
6/22/15 9:41,1002.7,19.42,8.98,98.7,7.3,68.3,45.4,50.8,0,22023,0.998,0,5.46,7.771,20
6/22/15 9:41,1002.7,19.42,8.98,98.6,7.29,68.3,45.4,50.8,0,22015,0.998,0,5.5,7.821,20
6/22/15 9:41,1002.8,19.42,8.98,98.7,7.3,67.7,45.4,50.8,0,22047,0.998,0,5.53,7.868,20.1
6/22/15 9:41,1002.7,19.42,8.97,98.6,7.3,67.9,45.4,50.8,0,22046,0.998,0,5.57,7.917,20
6/22/15 9:42,1002.8,19.42,8.98,98.7,7.29,68.1,45.4,50.8,0,22038,0.998,0,5.58,7.942,20.1
6/22/15 9:42,1002.7,19.42,8.98,98.7,7.29,69.5,45.4,50.9,0,22004,0.998,0,5.64,8.02,20.1
6/22/15 9:42,1002.7,19.41,8.98,98.7,7.29,67.8,45.4,50.8,0,22032,0.998,0,5.77,8.213,20.1
6/22/15 9:42,1002.7,19.42,8.98,98.7,7.29,67.6,45.4,50.8,0,22042,0.998,0,5.83,8.289,20.1
6/22/15 9:42,1002.7,19.41,8.98,98.7,7.29,68.5,45.4,50.8,0,22027,0.998,0,5.95,8.468,20.1
6/22/15 9:42,1002.7,19.41,8.98,98.7,7.29,67.8,45.4,50.8,0,22042,0.998,0,5.97,8.493,20.1
6/22/15 9:43,1002.8,19.41,8.98,98.7,7.27,68.5,45.4,50.8,0,22033,0.998,0,6.08,8.644,20.1
6/22/15 9:43,1002.8,19.41,8.97,98.6,7.27,68.6,45.4,50.8,0,22037,0.998,0,6.19,8.799,20.1
6/22/15 9:43,1002.8,19.39,8.97,98.6,7.28,68.1,45.4,50.8,0,22051,0.998,0,6.29,8.94,20.1
6/22/15 9:43,1002.8,19.39,8.98,98.6,7.28,67.7,45.4,50.8,0,22048,0.998,0,6.32,8.986,20.1
6/22/15 9:43,1002.8,19.38,8.97,98.5,7.29,67.9,45.3,50.8,0,22068,0.998,0,6.4,9.1,20.1
6/22/15 9:43,1002.8,19.37,8.97,98.5,7.26,68.8,45.4,50.8,0,22043,0.998,0,6.49,9.23,20.1
6/22/15 9:44,1002.8,19.37,8.94,98.2,7.28,68.9,45.3,50.8,0,22058,0.998,0,6.56,9.331,20.1
6/22/15 9:44,1002.8,19.37,8.92,98,7.27,68.5,45.3,50.8,0,22071,0.998,0,6.68,9.499,20.1
6/22/15 9:44,1002.8,19.35,8.92,97.9,7.27,69.2,45.3,50.8,0,22077,0.998,0,6.85,9.748,20.1
6/22/15 9:44,1002.8,19.33,8.9,97.6,7.26,68.8,45.3,50.8,0,22084,0.998,0,7.06,10.039,20.1
6/22/15 9:44,1002.7,19.32,8.87,97.3,7.24,69.3,45.3,50.8,0,22084,0.998,0,7.13,10.148,20.1
6/22/15 9:44,1002.8,19.25,8.87,97.3,7.25,70.2,45.3,50.8,0,22091,0.998,0,7.23,10.289,20.1
6/22/15 9:45,1002.8,19.05,8.8,96.1,7.23,73,45,50.6,0,22236,0.998,0,7.31,10.403,20.1
6/22/15 9:45,1002.7,18.88,8.7,94.7,7.21,74.2,44.6,50.4,0,22412,0.998,0,7.42,10.556,20.1
6/22/15 9:45,1002.8,18.83,8.56,93,7.2,73.6,44.5,50.5,0,22464,0.998,0,7.48,10.636,20.1
6/22/15 9:45,1002.7,18.83,8.49,92.2,7.18,73.1,44.4,50.4,0,22507,0.998,0,7.5,10.666,20.1
6/22/15 9:45,1002.7,18.7,8.42,91.3,7.15,75.3,44.4,50.4,0,22535,0.998,0,7.62,10.832,20.1
6/22/15 9:45,1002.7,18.51,8.35,90.2,7.1,75.2,44.2,50.4,0,22625,0.999,0,7.92,11.267,20.1
6/22/15 9:46,1002.7,18.45,8.32,89.7,7.11,74.2,44.1,50.4,0,22657,0.999,0,8.04,11.437,20.1
6/22/15 9:46,1002.7,18.32,8.29,89.3,7.07,75.8,44,50.3,0,22718,0.999,0,8.25,11.73,20.1
6/22/15 9:46,1002.8,17.9,8.08,86.6,7.05,76.8,43.2,49.7,0,23149,0.999,0,8.4,11.947,20.1
6/22/15 9:46,1002.8,17.73,8,85.1,7.02,78,43.1,49.9,0,23227,0.999,0,8.49,12.076,20.1
6/22/15 9:46,1002.8,17.54,7.86,83.3,6.99,78.2,42.7,49.7,0,23393,0.999,0,8.69,12.358,20.1
6/22/15 9:46,1002.7,17.23,7.75,81.8,6.95,78.7,42.4,49.6,0,23602,0.999,0,8.93,12.695,20.1
6/22/15 9:47,1002.8,16.94,7.64,79.9,6.93,78.3,41.9,49.5,0,23847,0.999,0,9.58,13.625,20.1
6/22/15 9:47,1002.8,16.79,7.58,78.9,6.91,77.6,41.8,49.5,0,23936,0.999,0,9.67,13.761,20.1
6/22/15 9:47,1002.7,16.52,7.54,78.3,6.88,78.8,41.6,49.4,0,24036,0.999,0,9.81,13.95,20.1
6/22/15 9:47,1002.8,16.38,7.54,77.9,6.86,77.2,41.5,49.7,0,24095,0.999,0,9.97,14.184,20.1
6/22/15 9:47,1002.7,16.16,7.5,77.1,6.84,77.1,41.2,49.5,0,24286,0.999,0,10.05,14.293,20.1
6/22/15 9:47,1002.8,15.8,7.39,75.9,6.8,78,41,49.4,0,24392,0.999,0,10.19,14.487,20.1
6/22/15 9:48,1002.9,15.62,7.31,74.4,6.78,77.6,40.7,49.5,0,24565,0.999,0,10.37,14.752,20.1
6/22/15 9:48,1002.8,15.6,7.23,73.4,6.77,76.2,40.4,49.3,0,24738,0.999,0,10.4,14.794,20.1
6/22/15 9:48,1002.8,15.48,7.14,72.5,6.76,75.6,40.4,49.3,0,24739,0.999,0,10.4,14.795,20.1
6/22/15 9:48,1002.8,15.21,7.24,73,6.75,75,40.5,49.7,0,24676,0.999,0,10.4,14.799,20.1
6/22/15 9:48,1002.8,15.12,7.22,72.7,6.71,75.7,40.2,49.5,0,24867,0.999,0,10.5,14.939,20.1
6/22/15 9:48,1002.8,14.96,7.2,72.2,6.69,75.8,40.1,49.5,0,24948,0.999,0,10.56,15.021,20.1
6/22/15 9:49,1002.8,14.7,7.19,71.9,6.69,75.2,39.9,49.5,0,25043,0.999,0,10.61,15.087,20.1
6/22/15 9:49,1002.7,14.43,7.24,71.9,6.67,75.4,39.8,49.6,0,25144,0.999,0,10.7,15.224,20.1
6/22/15 9:49,1002.8,14.14,7.15,70.5,6.66,75.3,39.2,49.3,0,25526,0.999,0,10.78,15.329,20.1
6/22/15 9:49,1002.7,13.91,7.19,70.5,6.65,75,38.8,49.2,0,25751,0.999,0,10.85,15.426,20.1
6/22/15 9:49,1002.7,13.56,7.12,69.3,6.62,76,38.5,49.1,0,25980,0.999,0,10.92,15.53,20.1
6/22/15 9:49,1002.8,13.18,7.02,68,6.61,75.2,37.9,48.6,0,26403,0.999,0,11.11,15.808,20.1
6/22/15 9:50,1002.8,13.03,7.04,67.7,6.6,75.4,37.5,48.4,0,26698,0.999,0,11.25,15.997,20.1
6/22/15 9:50,1002.8,12.69,7.06,67.7,6.59,74.9,37.4,48.6,0,26727,0.999,0,11.36,16.153,20.1
6/22/15 9:50,1002.8,12.4,7.17,68,6.58,73.9,37.2,48.9,0,26880,0.999,0,11.51,16.372,20.1
6/22/15 9:50,1002.8,12,7.21,67.9,6.58,74,37.1,49,0,26978,0.999,0,11.71,16.66,20.1
6/22/15 9:50,1002.7,11.75,7.31,68.4,6.54,74,36.8,49.2,0,27138,1,0,11.93,16.97,20.1
6/22/15 9:50,1002.7,11.67,7.29,68,6.55,73,36.7,49.1,0,27240,1,0,12.09,17.202,20.1
6/22/15 9:51,1002.8,11.5,7.32,68,6.54,72.9,36.5,49.1,0,27400,1,0,12.25,17.431,20.1
6/22/15 9:51,1002.8,11.39,7.34,68,6.53,72.7,36.4,49.1,0,27447,1,0,12.41,17.647,20.1
6/22/15 9:51,1002.8,11.24,7.39,68.4,6.53,72.1,36.3,49.1,0,27535,1,0,12.54,17.834,20.2
6/22/15 9:51,1002.8,11.01,7.48,68.7,6.53,72,36.2,49.3,0,27606,1,0,12.6,17.927,20.1
6/22/15 9:51,1002.8,10.78,7.53,68.9,6.53,71.8,36.1,49.4,0,27688,1,0,12.74,18.12,20.1
6/22/15 9:51,1002.8,10.73,7.55,68.9,6.53,71.4,36,49.4,0,27765,1,0,12.86,18.297,20.2
6/22/15 9:52,1002.8,10.63,7.56,68.7,6.52,71.5,35.9,49.4,0,27867,1,0,12.98,18.465,20.2
6/22/15 9:52,1002.8,10.46,7.54,68.3,6.51,71.4,35.8,49.4,0,27968,1,0,13.14,18.684,20.2
6/22/15 9:52,1002.7,10.31,7.52,68.1,6.51,71.4,35.8,49.5,0,27947,1,0,13.34,18.967,20.1
6/22/15 9:52,1002.8,10.19,7.55,68,6.51,70.9,35.7,49.7,0,28012,1,0,13.49,19.189,20.2
6/22/15 9:52,1002.8,10.19,7.55,68,6.51,71.2,35.6,49.5,0,28127,1,0,13.67,19.446,20.2
6/22/15 9:52,1002.8,10.08,7.54,67.8,6.51,70.5,35.5,49.6,0,28162,1,0,13.85,19.702,20.2
6/22/15 9:53,1002.8,9.99,7.53,67.5,6.5,71.4,35.5,49.7,0,28199,1,0,14.02,19.935,20.1
6/22/15 9:53,1002.8,9.94,7.53,67.3,6.5,70.6,35.5,49.8,0,28181,1,0,14.13,20.094,20.2
6/22/15 9:53,1002.9,9.85,7.52,67.1,6.5,70.4,35.4,49.8,0,28226,1,0,14.2,20.192,20.2
6/22/15 9:53,1002.8,9.8,7.52,67,6.49,70.9,35.4,49.9,0,28246,1,0,14.35,20.406,20.2
6/22/15 9:53,1002.8,9.66,7.52,66.8,6.48,70.6,35.3,49.9,0,28335,1,0,14.5,20.624,20.2
6/22/15 9:53,1002.8,9.61,7.5,66.6,6.49,70.6,35.2,49.7,0,28440,1,0,14.69,20.899,20.2
6/22/15 9:54,1002.8,9.52,7.5,66.5,6.49,70.1,35.1,49.8,0,28459,1,0,14.78,21.018,20.2
6/22/15 9:54,1002.8,9.44,7.51,66.4,6.48,70.1,35.2,50,0,28441,1,0,14.82,21.083,20.2
6/22/15 9:54,1002.8,9.39,7.5,66.3,6.48,70,35.1,50,0,28482,1,0,14.93,21.234,20.2
6/22/15 9:54,1002.9,9.37,7.47,65.9,6.47,69.8,35.1,50,0,28497,1,0,15.07,21.436,20.2
6/22/15 9:54,1002.8,9.29,7.45,65.7,6.47,69.8,35,49.9,0,28581,1,0,15.26,21.709,20.2
6/22/15 9:54,1002.8,9.26,7.41,65.2,6.46,70.4,35,50,0,28601,1,0,15.43,21.945,20.2
6/22/15 9:55,1002.9,9.21,7.34,64.5,6.46,70,34.9,50,0,28646,1,0,15.66,22.273,20.2
6/22/15 9:55,1002.8,9.16,7.24,63.6,6.45,69.8,34.9,50,0,28670,1,0,16.05,22.833,20.2
6/22/15 9:55,1002.8,9.1,7.17,63,6.45,69.9,34.8,50,0,28699,1,0,16.2,23.041,20.2
6/22/15 9:55,1002.8,8.98,7.12,62.3,6.45,69.2,34.8,50,0,28760,1,0,16.48,23.445,20.1
6/22/15 9:55,1002.8,8.95,7.1,62,6.44,69.5,34.8,50.1,0,28764,1,0,16.7,23.749,20.2
6/22/15 9:55,1002.8,8.9,7.02,61.3,6.44,69.4,34.6,50,0,28865,1,0,17.05,24.25,20.2
6/22/15 9:56,1002.8,8.78,6.97,60.7,6.44,68.9,34.6,50,0,28896,1,0,17.27,24.56,20.2
6/22/15 9:56,1002.8,8.76,7,60.8,6.43,69,34.6,50.1,0,28913,1,0,17.38,24.72,20.1
6/22/15 9:56,1002.7,8.75,7,60.8,6.43,68.6,34.6,50.1,0,28934,1,0,17.61,25.051,20.2
6/22/15 9:56,1002.9,8.71,7,60.8,6.43,68.7,34.6,50.2,0,28938,1,0,17.74,25.239,20.2
6/22/15 9:56,1002.8,8.66,6.97,60.5,6.44,68,34.5,50.2,0,28949,1,0,17.82,25.351,20.2
6/22/15 9:56,1002.7,8.62,6.95,60.2,6.41,69.2,34.5,50.2,0,28980,1,0,17.97,25.562,20.2
6/22/15 9:57,1002.8,8.61,6.9,59.8,6.41,68.7,34.5,50.2,0,28984,1,0,18.21,25.903,20.2
6/22/15 9:57,1002.7,8.57,6.88,59.5,6.42,68,34.5,50.2,0,29013,1,0,18.35,26.101,20.2
6/22/15 9:57,1002.8,8.55,6.85,59.3,6.41,68.5,34.5,50.2,0,29008,1,0,18.46,26.254,20.2
6/22/15 9:57,1002.8,8.52,6.82,59,6.41,68.5,34.5,50.3,0,28992,1,0,18.62,26.487,20.2
6/22/15 9:57,1002.9,8.5,6.69,57.8,6.41,68.3,34.5,50.4,0,28961,1,0,18.71,26.611,20.2
6/22/15 9:57,1002.8,8.47,6.59,56.9,6.41,68,34.5,50.4,0,29004,1,0,18.81,26.76,20.2
6/22/15 9:58,1002.8,8.44,6.51,56.2,6.4,67.8,34.5,50.4,0,28999,1,0,18.94,26.946,20.2
6/22/15 9:58,1002.8,8.4,6.45,55.6,6.4,67.9,34.5,50.5,0,28981,1,0,19.02,27.056,20.2
6/22/15 9:58,1002.8,8.38,6.37,54.9,6.4,67.3,34.5,50.5,0,28978,1,0,19.03,27.063,20.2
6/22/15 9:58,1002.8,8.38,6.33,54.6,6.4,66.9,34.5,50.6,0,28964,1,0,19.03,27.074,20.2
6/22/15 9:58,1002.8,8.37,6.31,54.3,6.38,67.3,34.5,50.6,0,28986,1,0,18.98,26.999,20.1
6/22/15 9:58,1002.8,8.35,6.28,54.1,6.39,67,34.5,50.6,0,28978,1,0,18.88,26.857,20.2
6/22/15 9:59,1002.8,8.36,6.29,54.1,6.38,67.6,34.5,50.6,0,28995,1,0,18.73,26.645,20.1
6/22/15 9:59,1002.9,8.36,6.34,54.6,6.38,67,34.5,50.5,0,29025,1,0,18.62,26.479,20.1
6/22/15 9:59,1002.8,8.37,6.39,55.1,6.39,66.5,34.5,50.5,0,29005,1,0,18.62,26.487,20.1
6/22/15 9:59,1002.7,8.37,6.43,55.4,6.38,66.6,34.4,50.4,0,29046,1,0,18.63,26.502,20.1
6/22/15 9:59,1002.8,8.38,6.49,55.9,6.39,66.3,34.5,50.5,0,29021,1,0,18.54,26.365,20.1
6/22/15 9:59,1002.8,8.38,6.58,56.7,6.38,67.1,34.5,50.5,0,29018,1,0,18.52,26.339,20.1
6/22/15 10:00,1002.8,8.38,6.7,57.7,6.39,66.5,34.5,50.5,0,29026,1,0,18.45,26.242,20.1
6/22/15 10:00,1002.8,8.38,6.78,58.4,6.4,66.4,34.4,50.4,0,29056,1,0,18.26,25.972,20.1
6/22/15 10:00,1002.9,8.38,6.84,58.9,6.39,66.8,34.5,50.5,0,29011,1,0,18.19,25.877,20.1
6/22/15 10:00,1002.8,8.38,6.87,59.2,6.39,67.1,34.4,50.4,0,29072,1,0,18.13,25.79,20.1
6/22/15 10:00,1002.8,8.39,6.88,59.3,6.4,67.2,34.4,50.5,0,29036,1,0,18.11,25.76,20.1
6/22/15 10:00,1002.8,8.4,6.89,59.4,6.4,66.8,34.5,50.5,0,29015,1,0,17.98,25.573,20.1
6/22/15 10:01,1002.8,8.41,6.9,59.5,6.39,67.8,34.4,50.4,0,29037,1,0,17.91,25.479,20.1
6/22/15 10:01,1002.8,8.42,6.92,59.7,6.4,67.3,34.5,50.4,0,29027,1,0,17.83,25.358,20.2
6/22/15 10:01,1002.8,8.45,6.97,60.1,6.4,67.2,34.4,50.4,0,29042,1,0,17.56,24.975,20.1
6/22/15 10:01,1002.8,8.47,7.01,60.5,6.4,67.2,34.5,50.4,0,29002,1,0,17.39,24.731,20.1
6/22/15 10:01,1002.8,8.47,7.04,60.8,6.41,67.5,34.5,50.4,0,29019,1,0,17.35,24.679,20.2
6/22/15 10:01,1002.8,8.47,7.06,61,6.4,67.8,34.5,50.4,0,28972,1,0,17.23,24.513,20.2
6/22/15 10:02,1002.8,8.5,7.07,61.1,6.41,67.2,34.5,50.4,0,28976,1,0,17.09,24.309,20.2
6/22/15 10:02,1002.8,8.52,7.05,60.9,6.41,67.5,34.5,50.4,0,28951,1,0,17.09,24.31,20.2
6/22/15 10:02,1002.8,8.52,7.04,60.8,6.41,67.8,34.5,50.4,0,28966,1,0,17.01,24.191,20.2
6/22/15 10:02,1002.8,8.54,7.03,60.8,6.42,67,34.6,50.4,0,28930,1,0,16.9,24.034,20.2
6/22/15 10:02,1002.9,8.57,7.02,60.8,6.4,67.8,34.5,50.3,0,28954,1,0,16.82,23.929,20.2
6/22/15 10:02,1002.8,8.59,7.04,61,6.41,67.5,34.6,50.4,0,28910,1,0,16.7,23.759,20.2
6/22/15 10:03,1002.8,8.61,7.07,61.2,6.41,68.1,34.6,50.4,0,28867,1,0,16.55,23.543,20.2
6/22/15 10:03,1002.8,8.66,7.09,61.5,6.41,67.6,34.6,50.4,0,28881,1,0,16.4,23.332,20.1
6/22/15 10:03,1002.8,8.66,7.12,61.7,6.42,67.3,34.6,50.3,0,28891,1,0,16.29,23.17,20.1
6/22/15 10:03,1002.8,8.68,7.13,61.8,6.42,67.5,34.7,50.4,0,28854,1,0,16.13,22.935,20.1
6/22/15 10:03,1002.9,8.71,7.13,61.9,6.41,67.9,34.6,50.3,0,28872,1,0,15.98,22.732,20.1
6/22/15 10:03,1002.8,8.71,7.15,62.1,6.41,67.9,34.7,50.3,0,28855,1,0,15.96,22.704,20.1
6/22/15 10:04,1002.8,8.73,7.17,62.3,6.43,68.3,34.7,50.4,0,28820,1,0,15.83,22.518,20.1
6/22/15 10:04,1002.8,8.76,7.18,62.4,6.42,68.5,34.7,50.3,0,28802,1,0,15.71,22.34,20.1
6/22/15 10:04,1002.8,8.78,7.2,62.6,6.41,68,34.7,50.3,0,28793,1,0,15.49,22.033,20.1
6/22/15 10:04,1002.8,8.8,7.21,62.7,6.43,67.5,34.8,50.4,0,28752,1,0,15.4,21.9,20.1
6/22/15 10:04,1002.8,8.81,7.24,63,6.44,67.4,34.8,50.4,0,28756,1,0,15.4,21.903,20.1
6/22/15 10:04,1002.8,8.85,7.28,63.4,6.43,67.5,34.8,50.3,0,28763,1,0,15.33,21.798,20.1
6/22/15 10:05,1002.8,8.85,7.32,63.8,6.44,67.5,34.8,50.3,0,28745,1,0,15.32,21.791,20.1
6/22/15 10:05,1002.8,8.9,7.34,64,6.43,68.7,34.8,50.3,0,28708,1,0,15.29,21.74,20.1
6/22/15 10:05,1002.8,8.93,7.38,64.3,6.43,67.8,34.8,50.3,0,28716,1,0,15.15,21.547,20.1
6/22/15 10:05,1002.8,8.95,7.41,64.7,6.44,68,34.9,50.3,0,28690,1,0,15,21.341,20.1
6/22/15 10:05,1002.8,8.97,7.47,65.2,6.43,68.3,34.9,50.3,0,28671,1,0,15,21.335,20.1
6/22/15 10:05,1002.8,9.04,7.5,65.6,6.44,68.5,34.9,50.3,0,28647,1,0,14.76,21,20
6/22/15 10:06,1002.8,9.07,7.53,65.9,6.44,68.2,35,50.3,0,28582,1,0,14.53,20.665,20
6/22/15 10:06,1002.8,9.14,7.57,66.3,6.44,68.6,35,50.3,0,28568,1,0,14.39,20.461,20
6/22/15 10:06,1002.9,9.2,7.6,66.7,6.44,68.7,35.1,50.3,0,28494,1,0,14.1,20.06,20
6/22/15 10:06,1002.8,9.28,7.63,67.2,6.44,68.8,35.2,50.4,0,28376,1,0,13.8,19.63,20
6/22/15 10:06,1002.9,9.39,7.67,67.6,6.45,68.9,35.3,50.4,0,28336,1,0,13.42,19.092,20
6/22/15 10:06,1002.8,9.5,7.73,68.3,6.46,68,35.5,50.6,0,28148,1,0,13.2,18.768,20
6/22/15 10:07,1002.8,9.52,7.74,68.4,6.47,68.4,35.5,50.5,0,28132,1,0,13.19,18.766,20
6/22/15 10:07,1002.8,9.61,7.74,68.5,6.45,68.7,35.6,50.5,0,28099,1,0,13,18.49,20
6/22/15 10:07,1002.9,9.71,7.77,68.9,6.45,68.6,35.7,50.5,0,28012,1,0,12.67,18.024,20
6/22/15 10:07,1002.8,9.85,7.79,69.4,6.47,68.3,35.9,50.6,0,27848,1,0,12.49,17.766,20
6/22/15 10:07,1002.9,9.99,7.83,69.9,6.48,68.5,36.1,50.7,0,27705,1,0,12.29,17.484,20
6/22/15 10:07,1002.9,10.12,7.81,70,6.48,69,36.2,50.7,0,27610,1,0,12.21,17.364,20
6/22/15 10:08,1002.8,10.13,7.74,69.5,6.48,68.9,36.2,50.6,0,27611,1,0,12.23,17.388,19.9
6/22/15 10:08,1002.9,10.19,7.71,69.3,6.48,69.4,36.3,50.6,0,27584,1,0,12.22,17.377,20
6/22/15 10:08,1002.9,10.27,7.66,69,6.48,70.1,36.3,50.5,0,27556,1,0,12.05,17.137,19.9
6/22/15 10:08,1002.9,10.45,7.64,69,6.47,69.9,36.4,50.5,0,27469,1,0,11.68,16.619,19.9
6/22/15 10:08,1002.8,10.58,7.66,69.4,6.47,69.6,36.6,50.7,0,27303,1,0,11.52,16.385,19.9
6/22/15 10:08,1002.9,10.68,7.69,69.8,6.48,69.5,36.7,50.6,0,27241,1,0,11.5,16.36,19.9
6/22/15 10:09,1003,10.76,7.68,69.9,6.48,69.6,36.8,50.7,0,27140,1,0,11.34,16.122,19.9
6/22/15 10:09,1003,10.78,7.66,69.8,6.5,69.2,36.8,50.6,0,27138,1,0,11.38,16.184,19.9
6/22/15 10:09,1002.9,10.88,7.65,69.8,6.49,70.1,36.9,50.7,0,27079,1,0,11.33,16.119,19.9
6/22/15 10:09,1002.9,10.97,7.6,69.6,6.5,70.4,37,50.6,0,27016,1,0,11.31,16.088,19.9
6/22/15 10:09,1002.9,11.01,7.6,69.6,6.5,69.8,37,50.5,0,27012,1,0,11.23,15.978,19.9
6/22/15 10:09,1002.9,11.11,7.59,69.6,6.48,70.2,37.1,50.6,0,26984,1,0,10.96,15.593,19.9
6/22/15 10:10,1002.8,11.38,7.68,70.7,6.49,69.8,37.4,50.9,0,26715,1,0,10.7,15.225,19.9
6/22/15 10:10,1002.9,12.53,7.72,72.3,6.47,68.3,38.9,51.9,0,25689,1,0,9.99,14.21,19.9
6/22/15 10:10,1002.9,12.72,7.87,74.6,6.5,68.4,39.7,52.2,0,25193,0.999,0,10.03,14.263,19.9
6/22/15 10:10,1002.9,12.95,7.87,75.2,6.52,68.5,40.2,52.4,0,24858,0.999,0,9.97,14.185,19.8
6/22/15 10:10,1002.9,13.68,7.91,76.1,6.53,67.9,40.6,52.5,0,24636,0.999,0,9.24,13.141,19.8
6/22/15 10:10,1002.9,13.9,8.03,78.2,6.55,67.9,41.1,52.4,0,24345,0.999,0,9.45,13.447,19.8
6/22/15 10:11,1002.9,14.22,8.09,79.3,6.57,68.8,41.4,52.4,0,24157,0.999,0,9.36,13.307,19.8
6/22/15 10:11,1002.9,14.57,8.08,80.1,6.59,69.2,41.6,52,0,24049,0.999,0,8.86,12.602,19.8
6/22/15 10:11,1002.9,14.73,8.11,80.6,6.61,69.2,41.7,52,0,23988,0.999,0,8.78,12.491,19.8
6/22/15 10:11,1003,14.91,8.1,81,6.62,69.8,41.8,51.7,0,23945,0.999,0,8.59,12.222,19.8
6/22/15 10:11,1002.9,15.23,8.18,81.9,6.64,70.5,41.9,51.9,0,23859,0.999,0,8.45,12.023,19.8
6/22/15 10:11,1002.9,15.7,8.23,83.3,6.65,69.5,42.4,51.8,0,23612,0.999,0,8.01,11.387,19.8
6/22/15 10:12,1003,16.22,8.36,85.3,6.68,68.2,43,52.1,0,23250,0.999,0,7.95,11.301,19.8
6/22/15 10:12,1002.9,16.81,8.55,88.5,6.7,66.9,43.6,52,0,22960,0.999,0,7.22,10.264,19.8
6/22/15 10:12,1002.9,17.01,8.64,90.1,6.73,67.7,43.9,51.9,0,22804,0.999,0,6.98,9.931,19.8
6/22/15 10:12,1002.9,17.1,8.69,90.8,6.77,67.4,44,51.9,0,22737,0.999,0,7.2,10.237,19.8
6/22/15 10:12,1002.9,17.37,8.68,91.3,6.77,68.1,44.2,51.8,0,22647,0.999,0,6.93,9.854,19.8
6/22/15 10:12,1002.9,17.46,8.76,92.4,6.8,68,44.3,51.9,0,22554,0.999,0,6.72,9.56,19.8
6/22/15 10:13,1002.9,17.93,8.93,94.5,6.82,66.2,44.6,52,0,22426,0.999,0,6.44,9.164,19.8
6/22/15 10:13,1002.8,18.18,9.03,96.5,6.87,64.8,44.9,51.8,0,22269,0.999,0,6.22,8.844,19.8
6/22/15 10:13,1002.8,18.35,9.11,97.7,6.91,63.7,45,51.7,0,22236,0.999,0,5.85,8.315,19.8
6/22/15 10:13,1002.9,18.39,9.14,98.3,6.94,64.9,45.1,51.6,0,22161,0.999,0,5.79,8.242,19.8
6/22/15 10:13,1002.9,18.64,9.16,98.7,6.97,64.3,45.1,51.5,0,22160,0.999,0,5.06,7.193,19.8
6/22/15 10:13,1002.9,18.62,9.17,99.1,7.02,64.2,45.2,51.4,0,22146,0.998,0,5.31,7.546,19.8
6/22/15 10:14,1002.9,18.75,9.16,99.1,7.03,65,45.2,51.4,0,22138,0.998,0,5.24,7.459,19.8
6/22/15 10:14,1002.9,18.86,9.14,99.2,7.04,65.6,45.2,51.3,0,22102,0.998,0,5.11,7.27,19.8
6/22/15 10:14,1002.9,18.92,9.12,99.2,7.08,65.7,45.2,51.2,0,22115,0.998,0,4.87,6.929,19.8
6/22/15 10:14,1002.9,18.97,9.11,99.1,7.11,66.3,45.3,51.2,0,22084,0.998,0,4.94,7.024,19.8
6/22/15 10:14,1002.8,19.01,9.1,99.1,7.11,66.5,45.3,51.1,0,22099,0.998,0,4.95,7.039,19.8
6/22/15 10:14,1002.8,19.08,9.07,99,7.12,67,45.3,51.1,0,22080,0.998,0,4.59,6.53,19.8
6/22/15 10:15,1002.9,19.11,9.07,99,7.13,67.7,45.3,51.1,0,22067,0.998,0,4.53,6.448,19.8
6/22/15 10:15,1002.9,19.15,9.04,98.8,7.16,66.3,45.3,51,0,22083,0.998,0,4.51,6.41,19.8
6/22/15 10:15,1002.9,19.17,9.04,98.8,7.17,66.8,45.3,51,0,22089,0.998,0,4.54,6.461,19.8
6/22/15 10:15,1002.9,19.24,9.03,98.7,7.16,67.3,45.3,50.9,0,22091,0.998,0,4.32,6.145,19.8
6/22/15 10:15,1002.9,19.28,9.01,98.7,7.18,67.2,45.3,50.9,0,22066,0.998,0,4.15,5.909,19.8
6/22/15 10:15,1002.9,19.3,9.01,98.8,7.19,67.4,45.3,50.9,0,22066,0.998,0,4.2,5.969,19.8
6/22/15 10:16,1002.8,19.32,8.99,98.5,7.2,67.1,45.4,50.9,0,22047,0.998,0,4.22,6,19.8
6/22/15 10:16,1002.8,19.33,9,98.7,7.19,67.6,45.4,50.9,0,22024,0.998,0,4.03,5.731,19.8
6/22/15 10:16,1002.9,19.33,9.01,98.8,7.22,67.1,45.3,50.9,0,22051,0.998,0,3.88,5.519,19.8
6/22/15 10:16,1002.9,19.34,9,98.7,7.2,67.6,45.3,50.8,0,22062,0.998,0,3.68,5.24,19.8
6/22/15 10:16,1002.8,19.36,9,98.7,7.21,67.9,45.4,50.9,0,22029,0.998,0,3.05,4.331,19.8
6/22/15 10:16,1002.8,19.37,8.99,98.6,7.22,67.9,45.4,50.8,0,22049,0.998,0,3.01,4.286,19.8
6/22/15 10:17,1002.8,19.4,9.01,99,7.23,67.7,45.4,50.9,0,22017,0.998,0,2.56,3.647,19.8
6/22/15 10:17,1002.8,19.43,9.03,99.2,7.23,67.4,45.5,50.9,0,21998,0.998,0,2.01,2.859,19.8
6/22/15 10:17,1002.8,19.46,9.04,99.4,7.23,67.4,45.5,50.9,0,21976,0.998,0,1.9,2.708,19.8
6/22/15 10:17,1002.9,19.5,9.04,99.5,7.24,67.2,45.5,50.8,0,21992,0.998,0,1.59,2.265,19.8
6/22/15 10:17,1002.9,19.5,9.03,99.4,7.24,67.6,45.5,50.8,0,21997,0.998,0,1.47,2.096,19.8
6/22/15 10:17,1002.9,19.51,9.05,99.7,7.25,67.2,45.5,50.9,0,21960,0.998,0,1.01,1.439,19.9
6/22/15 10:18,1002.8,19.53,9.07,99.9,7.26,66.4,45.6,50.9,0,21948,0.998,0,1,1.418,19.8
6/22/15 10:18,1002.9,19.59,9.06,99.8,7.27,66.4,45.6,50.9,0,21931,0.998,0,0.98,1.39,19.8
6/22/15 10:18,1002.8,19.59,9.05,99.8,7.27,66.6,45.6,50.8,0,21933,0.998,0,0.98,1.392,19.9
6/22/15 10:18,1002.8,19.6,9.06,99.9,7.28,66.3,45.6,50.9,0,21915,0.998,0,0.96,1.37,19.8
6/22/15 10:18,1002.8,19.63,9.06,100,7.27,67,45.6,50.9,0,21907,0.998,0,0.69,0.975,19.8
6/22/15 10:18,1002.8,19.64,9.06,99.9,7.29,66.5,45.7,50.9,0,21904,0.998,0,0.52,0.735,19.9
6/22/15 10:19,1002.9,19.65,9.07,100.1,7.29,66.4,45.6,50.8,0,21911,0.998,0,0.45,0.647,19.9
6/22/15 10:19,1002.8,19.63,9.05,99.9,7.8,69.6,0,0,0,10000000,0.998,0,0,0.002,19.8
6/22/15 10:19,1002.9,19.68,9.06,100.1,7.49,69.1,44.6,49.7,0,22414,0.998,0,0.08,0.108,19.9
